2017-02-06 12:42:38 2.04,2913,.41,1.71,20.69
2017-02-06 12:42:38 05,2875,2.41,1.71,20.69
2017-02-06 12:42:38 2.05,2875,2.41,1.71,20.69
2017-02-06 12:42:38 2.05,2875,2.41,1.71,20.69
2017-02-06 12:42:38 2.05,2875,2.41,1.71,20.69
2017-02-06 12:42:38 2.05,2875,2.41,1.71,20.69
2017-02-06 12:42:38 05,2875,2.41,1.71,20.69
2017-02-06 12:42:38 2.05,2875,2.41,1.71,20.69
2017-02-06 12:42:38 2.05,2875,2.41,1.71,20.69
2017-02-06 12:42:38 2.05,2875,2.41,1.71,20.69
2017-02-06 12:42:38 2.05,2875,2.41,1.71,20.69
2017-02-06 12:42:39 2.05,2875,2.42,1.71,21.08
2017-02-06 12:42:40 2.05,2875,2.42,1.71,21.08
2017-02-06 12:42:41 2.05,2875,2.42,1.71,21.08
2017-02-06 12:42:42 2.05,2875,2.42,1.71,21.08
2017-02-06 12:42:43 2.05,2875,2.42,1.71,21.08
2017-02-06 12:42:44 2.05,2875,2.42,1.71,21.08
2017-02-06 12:42:45 2.05,2875,2.42,1.71,21.08
2017-02-06 12:42:46 2.06,2862,2.42,1.72,20.86
2017-02-06 12:42:47 2.05,2875,2.41,1.71,20.69
2017-02-06 12:42:48 2.05,2875,2.41,1.71,20.69
2017-02-06 12:42:49 2.05,2888,2.41,1.71,20.52
2017-02-06 12:42:50 2.05,2888,2.41,1.71,20.52
2017-02-06 12:42:51 2.04,2900,2.40,1.71,20.35
2017-02-06 12:42:52 2.04,2900,2.40,1.71,20.35
2017-02-06 12:42:53 2.04,2900,2.40,1.71,19.96
2017-02-06 12:42:54 2.04,2900,2.40,1.71,19.96
2017-02-06 12:42:55 2.04,2913,2.40,1.71,20.18
2017-02-06 12:42:56 2.04,2913,2.40,1.71,20.18
2017-02-06 12:42:57 2.04,2913,2.39,1.71,19.80
2017-02-06 12:42:58 2.04,2913,2.39,1.71,19.80
2017-02-06 12:42:59 2.04,2913,2.39,1.71,19.80
2017-02-06 12:43:00 2.03,2926,2.39,1.70,20.02
2017-02-06 12:43:01 2.03,2926,2.39,1.70,20.02
2017-02-06 12:43:02 2.04,2913,2.39,1.71,19.80
2017-02-06 12:43:03 2.04,2913,2.39,1.71,19.80
